488 80 1
770 146 1
386 33 1
360 130 2
516 174 1
697 56 1
137 50 1
1368 140 1
752 232 1
276 115 1
390 31 2
1395 201 1
355 47 1
1222 179 1
114 48 1
494 84 1
29 192 1
1267 130 1
204 179 1
756 159 1
1002 181 2
171 222 1
1271 239 2
1270 196 1
111 217 1
708 168 1
924 146 2
759 149 1
550 150 1
799 135 2
347 123 1
378 159 1
766 201 1
985 73 1
849 170 1
966 211 1
426 33 1
928 120 2
333 131 1
40 55 1
853 120 1
668 95 1
407 91 1
893 214 1
162 40 1
5 146 1
597 165 1
1367 208 1
1169 184 1
76 221 1
890 62 1
760 104 1
345 38 1
1122 156 1
188 172 1
56 201 1
201 206 1
830 219 2
1055 181 1
847 173 1
211 115 1
441 164 1
1056 216 2
123 35 1
746 179 1
1320 166 1
764 225 1
774 196 2
15 172 1
1035 85 2
1027 215 1
448 68 2
1099 133 1
512 215 1
592 76 1
1142 199 1
221 192 1
289 46 2
1168 61 1
1227 149 1
1262 79 1
1198 124 1
1013 169 1
1240 47 1
453 220 1
569 118 2
1313 210 2
1079 219 1
940 207 1
286 157 1
617 236 1
865 211 1
1263 235 1
401 116 2
218 157 1
317 56 1
544 195 1
203 142 1
375 113 1
739 204 1
539 202 1
316 139 1
473 238 1
91 220 1
1108 208 1
1046 218 1
212 170 1
589 232 1
507 72 1
740 85 1
1026 180 1
350 155 1
1328 126 1
446 126 2
265 35 1
1161 184 2
859 37 1
1097 64 1
958 172 1
1393 127 1
957 62 1
1005 124 1
528 59 2
728 120 1
678 142 1
476 163 1
965 166 1
593 172 2
94 31 1
931 187 1
1231 208 1
459 126 1
47 38 1
1137 32 1
970 172 1
1 201 1
670 38 1
1324 181 2
1394 233 1
192 220 1
278 79 1
457 88 1
762 100 2
1154 67 1
1260 100 2
353 222 1
1155 78 1
358 137 2
142 47 1
68 154 2
824 139 1
655 57 1
468 200 1
103 145 1
1386 238 2
1022 36 1
1244 176 1
120 99 2
584 106 1
67 201 1
1233 150 1
193 202 1
671 228 1
1199 58 1
305 232 1
553 113 1
17 240 2
656 213 2
1351 206 1
1371 204 1
51 42 1
1076 51 1
274 128 1
1095 161 2
461 42 1
698 36 1
464 136 1
1105 116 1
804 110 1
974 224 1
282 71 1
1280 161 1
454 32 1
915 80 2
826 137 1
483 97 1
717 152 1
1163 54 1
731 140 1
851 67 2
554 122 1
78 223 1
186 141 1
518 161 1
503 191 1
1068 194 2
1023 161 1
559 236 1
42 143 2
545 74 1
704 134 1
238 99 1
911 204 1
492 185 1
950 221 2
650 46 1
1221 193 2
959 116 1
173 204 2
1252 147 1
1398 108 1
325 64 2
1109 125 2
1295 219 1
555 94 1
438 110 1
682 41 1
109 223 1
420 58 1
693 68 1
143 137 2
1204 68 1
1040 208 2
952 119 2
1060 196 1
1325 48 1
687 55 1
573 187 1
1379 152 1
1167 222 1
1020 155 2
967 103 1
151 171 1
513 109 1
1292 156 1
49 146 1
1189 101 1
77 54 1
1051 173 2
486 203 2
284 211 2
158 61 1
98 79 1
1288 42 1
35 36 1
1089 114 1
642 169 1
28 158 2
870 110 1
311 117 1
303 194 1
977 202 2
1332 70 1
820 227 1
840 215 1
561 142 1
198 57 1
1143 160 1
846 168 1
412 218 2
1017 96 1
732 219 1
901 216 1
777 186 1
1273 120 1
616 32 1
602 73 1
1124 205 1
1268 109 2
1207 50 1
1015 207 2
676 198 1
1384 138 1
335 70 1
1387 144 1
622 135 1
797 223 1
1121 183 1
973 219 1
1148 228 2
1090 37 1
87 193 1
156 188 1
60 159 1
433 47 2
526 86 2
636 197 2
72 48 1
12 216 1
1317 130 2
908 92 1
179 102 1
798 231 2
4 60 2
242 56 1
1261 229 1
264 206 1
1338 230 1
400 53 1
133 105 1
285 166 1
1266 104 1
630 102 1
733 183 2
878 54 1
672 66 1
703 213 1
1279 237 1
1238 236 2
418 127 2
806 233 1
349 222 2
367 171 2
1309 118 1
163 176 1
405 171 2
605 44 1
742 176 1
458 237 1
222 75 2
1044 138 1
1256 162 1
26 136 1
1145 167 2
635 192 1
688 213 1
1047 39 1
1001 132 1
174 207 1
1078 44 1
595 236 1
1049 40 1
1253 236 1
148 107 1
690 204 2
216 180 1
69 234 1
272 36 1
1226 174 1
1298 219 1
753 121 1
127 104 1
1156 78 1
718 153 1
627 174 2
517 41 1
917 209 1
1211 147 1
1196 52 1
1025 37 1
147 193 1
1164 108 2
556 77 2
451 164 1
30 195 1
1081 206 1
100 51 1
557 62 1
818 77 1
1166 155 1
348 236 2
548 240 1
571 110 2
945 70 2
184 122 2
979 191 1
1303 34 1
1195 219 1
414 74 1
552 134 1
902 77 1
359 213 1
1336 129 1
1376 206 1
1091 217 1
226 84 1
1358 145 1
1275 31 1
329 210 1
130 86 1
750 175 1
510 132 1
1276 220 2
1021 179 1
129 66 1
831 113 2
1247 128 2
949 110 2
1077 88 1
903 34 1
579 82 1
1373 179 2
138 52 2
280 169 1
89 216 1
236 60 1
972 187 1
669 54 1
891 237 1
619 43 1
585 103 1
356 184 1
477 132 2
210 137 1
1138 58 1
128 69 1
220 55 1
874 159 2
1310 126 1
343 129 2
449 207 2
1203 123 1
20 55 2
1063 184 1
472 228 2
1323 82 1
105 94 1
1192 118 1
1259 166 1
653 71 1
107 235 1
442 239 2
1308 128 2
450 201 1
715 97 1
408 71 1
1180 61 1
1061 64 1
1096 76 1
968 134 1
540 118 1
164 143 1
1127 234 1
925 103 1
373 176 1
215 75 1
45 79 1
257 83 2
1003 83 1
686 97 1
293 94 1
427 52 1
1361 71 1
1118 125 1
1258 218 1
1191 109 1
131 41 1
136 160 2
727 147 1
132 59 1
574 165 1
1093 193 1
880 41 1
1375 108 1
1344 65 1
677 227 1
294 123 1
786 133 1
1107 143 1
1115 191 1
674 183 1
779 204 1
547 103 1
277 100 1
1085 192 1
1212 208 1
1209 213 1
737 191 1
55 211 1
1378 95 1
145 170 1
27 51 1
990 212 1
875 54 1
240 218 1
144 182 1
1236 203 1
817 204 1
522 71 1
342 108 1
1010 64 1
909 187 1
754 138 1
1251 149 1
628 49 2
295 92 2
19 219 1
897 217 1
23 176 1
115 119 2
1132 151 2
256 226 1
283 30 1
615 116 1
52 46 1
1086 210 1
251 91 1
919 125 1
699 225 1
481 47 1
536 119 1
852 40 1
64 128 1
999 72 1
1034 65 2
1224 209 1
1363 67 1
1071 54 1
808 123 2
741 172 1
916 115 1
511 168 1
793 134 1
14 208 1
1360 82 1
521 82 1
1088 66 1
1225 193 1
887 35 1
1282 138 1
470 219 1
159 119 1
334 234 1
538 101 1
495 167 1
1094 156 1
1014 187 1
41 217 1
475 174 1
702 107 1
1104 220 1
1106 91 1
884 228 2
1374 117 1
723 145 1
1043 95 1
564 76 1
1100 65 1
469 62 1
298 95 1
81 238 1
110 158 1
207 71 1
590 59 2
480 232 2
354 170 1
1125 225 1
99 66 1
912 203 1
879 54 1
946 199 2
971 193 1
167 60 1
2 156 2
1265 182 1
195 81 1
1330 84 2
1069 70 2
975 203 2
1194 218 1
308 222 2
92 68 1
743 220 1
854 140 1
1039 161 2
562 93 1
361 214 1
560 80 1
1140 198 1
881 176 1
439 62 1
667 104 1
765 46 1
998 190 1
121 57 2
1315 198 1
936 240 1
499 144 1
370 174 1
1241 102 2
74 189 1
747 196 1
1030 82 2
36 142 1
1399 210 1
1245 31 1
66 138 1
675 195 1
895 186 1
61 111 2
1179 55 1
301 128 2
410 68 1
694 51 1
551 223 1
745 106 1
1274 141 1
185 131 1
1113 192 1
720 147 1
1347 71 1
514 227 1
839 33 1
191 66 2
411 204 1
490 216 2
594 213 2
424 203 2
372 41 1
725 182 2
947 177 2
809 99 1
541 106 1
814 80 1
856 82 1
434 113 2
392 65 2
126 107 1
6 191 1
228 94 1
778 163 1
263 88 1
307 129 1
1057 239 1
749 225 1
417 109 2
160 153 1
118 208 2
288 235 1
714 184 1
1038 199 1
811 206 1
1080 155 1
596 149 1
652 187 1
1346 135 2
639 31 1
500 82 1
270 176 1
419 112 1
447 180 1
1246 180 1
938 117 1
735 67 1
563 130 2
576 89 1
351 168 1
172 169 1
1278 173 1
241 213 1
646 42 1
85 190 1
502 46 1
217 191 1
1296 30 1
489 202 2
247 70 1
961 215 1
1128 172 1
695 203 1
683 110 1
214 100 1
1343 172 1
1335 36 1
954 214 1
182 114 1
440 141 1
112 171 1
233 41 1
1362 38 1
1117 60 1
525 145 2
805 98 1
768 235 2
157 176 1
165 98 1
1160 163 1
530 141 1
1028 84 1
1139 38 1
969 118 1
533 175 1
197 231 2
234 170 2
534 128 1
425 37 2
44 235 1
612 163 1
299 111 1
883 192 1
835 113 1
1041 47 2
508 126 1
1249 72 1
1200 37 1
497 202 1
1322 93 1
38 39 2
910 169 1
981 125 2
435 119 1
986 191 1
1302 55 2
939 152 1
1184 170 2
357 166 2
546 140 1
331 45 1
1304 186 1
803 203 1
578 212 1
609 148 1
249 77 1
900 166 1
763 35 1
82 200 1
95 234 1
271 232 1
1092 170 1
1353 81 1
976 164 1
413 53 1
710 85 1
775 87 1
1011 198 1
634 91 1
692 221 1
246 58 2
885 118 1
1075 39 1
231 165 1
487 86 2
621 218 1
582 93 1
315 66 2
436 120 1
1341 211 2
624 152 1
716 205 2
565 52 1
382 90 1
696 113 1
927 182 1
460 127 1
978 76 1
1074 220 1
982 224 1
1033 134 1
608 201 1
1131 155 1
281 108 1
340 31 1
422 128 2
1159 145 1
1359 193 1
729 33 1
680 192 1
1029 120 1
166 206 1
297 106 1
1050 59 2
1170 101 1
930 158 2
907 138 1
1158 218 1
1229 151 1
287 62 1
509 38 1
587 159 1
948 177 1
772 195 1
332 236 2
1058 117 1
1173 133 1
1215 94 1
1082 190 1
57 56 1
466 150 1
871 55 2
146 197 1
1232 55 1
393 183 1
588 238 2
861 90 1
1217 189 1
771 107 2
1235 87 1
607 45 1
306 173 1
254 162 1
1208 64 1
1345 201 1
815 129 2
84 132 1
1220 103 2
801 165 1
125 125 1
819 36 2
1291 122 1
296 79 1
24 107 2
660 57 1
1186 107 2
1350 132 1
319 209 1
79 43 1
1383 179 1
1045 173 1
1329 74 1
504 115 2
781 197 1
736 174 1
531 43 1
106 149 1
1130 198 2
659 236 1
632 148 1
1062 182 1
944 189 2
1326 104 1
641 34 1
679 219 2
54 77 1
330 189 1
273 119 1
904 90 1
658 128 1
423 236 2
101 164 1
380 134 1
837 118 2
706 146 1
463 239 1
321 212 1
821 171 1
83 203 1
790 207 1
1214 159 1
603 185 2
1193 140 2
899 141 2
951 120 1
724 161 1
1009 225 1
684 229 1
467 167 1
712 214 1
788 111 2
1388 226 1
140 150 1
599 95 1
920 170 1
181 127 1
567 76 1
787 166 1
471 128 1
842 188 1
266 70 1
663 202 1
1301 145 1
385 98 1
268 101 1
1004 138 1
515 95 1
1182 69 1
802 75 1
252 110 1
1334 234 1
734 90 1
176 100 2
491 226 2
292 214 1
32 47 2
996 89 1
583 182 1
1316 218 1
785 141 2
1036 161 1
180 104 1
1237 156 1
1272 234 2
1216 208 2
116 118 1
224 61 1
643 101 1
432 118 2
812 82 1
202 148 1