325 148 1
140 135 1
1161 30 2
899 40 1
1140 97 2
369 82 2
185 148 1
1342 127 1
1340 118 2
274 123 1
224 84 1
33 94 1
94 55 2
970 133 2
1384 146 1
1204 135 2
1088 101 2
937 120 2
290 82 2
157 85 2
963 61 2
236 40 1
561 81 1
966 56 2
1175 26 2
1187 63 1
1205 66 1
135 37 2
501 91 2
16 129 1
1060 113 2
505 32 1
508 59 2
729 27 2
1379 60 2
770 140 2
918 121 1
356 56 2
626 60 2
1333 88 2
463 31 2
1263 103 2
189 28 1
158 90 1
659 49 1
241 58 1
154 85 2
487 125 2
378 48 2
1007 78 2
401 79 1
1090 42 2
825 131 1
37 95 1
1336 99 1
691 58 1
178 90 1
66 47 2
98 135 2
228 69 2
759 109 2
1102 71 2
1055 105 1
1275 36 1
33 123 2
113 44 1
783 100 1
834 87 2
114 49 1
408 62 1
1129 71 1
982 40 1
914 137 1
1314 83 2
82 68 2
1213 40 2
181 99 1
504 62 2
682 94 1
1359 119 2
729 40 2
753 103 2
684 54 1
885 61 1
1091 149 2
596 94 1
627 90 1
1382 131 2
785 115 2
854 121 2
274 116 1
898 70 2
780 132 2
895 39 1
166 128 2
128 71 1
1069 33 1
8 36 2
1335 25 1
340 32 1
108 25 1
1089 107 2
375 116 2
118 50 1
1348 93 1
512 51 2
1200 45 1
1387 111 1
455 147 2
1397 106 2
1327 89 1
65 57 2
858 38 1
433 33 2
1205 72 1
1036 127 2
794 37 1
1360 126 2
942 45 1
1265 40 1
210 76 1
1137 109 1
944 120 2
830 106 2
931 147 2
583 140 2
718 134 1
980 49 2
419 117 2
329 44 2
590 123 1
1020 142 1
915 134 2
478 51 1
909 99 2
1336 64 2
800 32 2
623 92 1
1209 149 1
221 71 1
545 126 2
1007 91 1
399 31 2
565 42 1
911 148 2
641 78 2
829 76 2
134 137 1
255 36 1
774 90 2
420 77 1
1125 60 2
156 133 1
532 51 2
589 46 1
263 27 2
122 49 2
1194 146 2
738 108 1
332 104 1
743 143 2
418 78 2
167 150 2
385 101 2
1005 28 2
338 130 2
761 101 1
789 84 2
701 136 1
72 32 1
943 115 1
1025 65 1
799 126 2
1302 131 2
1302 36 1
298 134 1
305 84 2
861 25 2
987 95 2
944 122 1
462 71 2
335 99 2
981 110 2
148 124 1
1196 67 2
716 50 1
450 35 1
336 34 1
192 26 1
260 108 1
1186 81 1
248 73 1
289 120 2
808 40 2
557 102 1
80 58 2
517 122 2
179 99 1
303 44 1
1070 53 2
974 108 1
156 136 2
709 78 2
665 60 2
1096 145 1
490 104 2
1017 114 2
1060 150 2
534 136 2
701 54 2
11 140 2
555 57 1
787 112 1
720 53 2
142 30 2
1001 58 2
459 28 1
790 139 2
129 96 1
148 115 1
629 141 2
1119 124 1
298 46 1
365 125 1
220 82 1
202 83 1
580 126 2
898 50 1
99 64 2
558 133 1
238 114 2
815 126 2
890 28 1
1063 72 1
141 137 2
166 91 1
695 37 1
1059 30 1
688 91 1
1351 69 1
935 41 2
185 64 1
458 67 2
313 58 2
999 140 2
1257 65 2
1036 122 2
1379 50 2
395 99 2
1125 65 1
611 75 2
844 94 1
1195 101 2
430 81 1
225 61 1
403 71 1
621 129 1
703 84 2
911 138 2
123 73 1
1394 117 1
46 131 1
1076 45 2
68 121 1
1175 54 1
370 130 2
255 65 2
1013 136 1
1217 45 2
709 89 1
208 123 2
345 124 1
831 90 2
97 133 2
1175 146 2
368 103 1
1166 116 2
796 58 2
17 55 2
373 62 2
995 56 1
168 26 1
376 134 2
459 114 1
1323 106 1
803 142 2
291 33 1
1141 116 2
849 70 1
327 77 1
1376 53 1
110 144 1
494 35 1
351 119 2
574 53 2
731 82 1
974 26 1
1353 119 2
1052 65 2
1358 120 1
1074 39 1
868 30 1
826 51 1
85 57 2
1374 43 2
285 60 2
1367 33 2
184 68 2
967 41 2
498 40 2
438 132 1
106 113 2
1398 73 2
1203 130 1
21 127 2
824 76 1
430 125 2
978 99 1
582 139 2
22 80 1
1016 148 1
399 40 2
431 82 1
990 149 1
1165 45 2
685 135 1
674 139 2
1019 143 2
671 70 1
614 80 2
139 45 1
226 132 2
531 119 2
748 79 1
151 110 2
89 103 2
437 40 2
1040 116 2
1373 76 1
20 81 2
1357 99 1
346 59 2
26 88 2
645 94 1
185 95 1
1217 41 2
345 78 1
1010 77 2
289 40 1
1074 55 1
1122 78 1
181 30 1
626 34 1
310 140 2
915 122 2
89 38 2
490 104 2
367 72 2
1323 124 2
261 75 1
388 68 1
1208 72 1
91 78 2
1377 60 2
299 53 1
944 86 1
856 68 1
572 57 2
990 69 2
922 113 2
326 38 1
840 82 1
621 91 2
959 46 1
1241 43 2
1243 48 2
260 76 1
1387 95 1
1115 128 1
1177 43 1
569 142 1
852 33 2
835 64 2
1332 29 1
1016 69 2
457 94 2
1303 89 1
500 32 1
4 56 2
95 53 2
232 103 1
316 121 2
548 43 2
486 126 2
71 27 2
1121 75 1
126 144 1
23 93 1
602 86 2
1107 138 1
819 81 2
413 129 2
1058 76 2
325 66 2
1097 45 2
512 148 2
1 149 1
315 58 1
1135 137 1
348 143 1
857 32 1
1322 27 1
357 138 2
322 70 1
769 146 1
565 68 2
744 31 1
710 117 1
404 76 2
317 29 2
1341 35 2
853 98 1
233 119 1
1131 48 2
2 47 1
982 69 1
576 29 2
851 147 2
1272 129 2
960 69 1
684 116 2
381 108 2
571 110 2
642 122 1
31 31 2
311 31 2
76 42 1
605 133 1
1349 135 1
21 61 1
652 27 2
164 121 2
244 42 1
1063 80 2
229 95 2
298 31 2
677 33 2
1214 84 1
937 55 1
696 42 2
247 80 1
999 85 1
175 93 2
759 100 2
822 49 1
1245 116 1
389 47 1
322 112 2
268 43 2
1105 103 2
460 56 1
996 135 2
152 45 1
1275 46 2
1301 41 1
558 131 2
258 115 2
1006 103 1
237 128 1
982 80 1
1204 71 1
1102 56 2
1252 84 2
111 53 1
1038 92 2
66 67 1
1392 116 1
377 119 2
511 46 1
1373 144 2
11 123 2
1030 147 2
1161 94 2
1322 35 2
925 53 1
1318 67 2
837 74 1
1337 53 2
805 86 2
1296 66 1
17 52 2
753 42 1
76 80 1
721 55 1
207 35 1
336 69 2
1213 132 2
272 97 2
1224 43 2
1381 35 1
594 133 1
260 29 2
564 32 2
111 150 1
388 103 2
1267 97 1
881 80 2
1087 116 2
1241 31 2
986 143 2
555 79 1
829 143 1
1096 76 2
86 46 1
567 74 1
1205 49 1
198 140 1
818 136 1
1209 130 2
1135 148 2
1144 89 2
48 83 2
1168 57 2
859 120 2
691 104 2
747 132 2
334 52 2
1266 41 2
673 70 2
1373 31 2
1275 137 2
428 26 2
142 142 2
1189 43 1
644 70 1
841 44 1
980 126 1
445 137 1
548 73 2
213 78 1
60 58 1
979 145 1
1227 81 1
1070 108 2
691 127 2
532 140 1
1231 102 1
1121 137 2
1355 42 2
793 29 1
1117 97 2
1060 42 1
1164 136 2
918 64 2
985 91 1
970 93 2
756 131 2
952 89 1
1110 110 1
495 62 2
990 33 2
168 124 2
1255 25 2
751 37 1
507 90 2
1165 150 2
750 131 2
1070 114 1
545 53 1
713 55 1
1172 52 2
735 71 1
1266 86 1
383 45 1
408 96 2
1132 61 2
437 76 1
1066 95 1
1073 101 2
391 125 2
750 39 1
102 33 1
840 117 2
157 87 1
371 50 1
1325 47 1
1069 57 1
248 30 1
1279 27 2
78 57 2
174 119 1
1030 60 1
467 125 2
1327 133 2
196 96 2
2 113 1
146 102 2
757 110 2
763 92 1
1183 124 1
930 133 2
701 28 1
807 92 2
1305 83 1
785 124 1
1365 148 1
505 53 2
689 27 2
565 40 1
504 41 1
657 92 1
1398 62 1
1088 147 2
143 35 2
1216 132 1
262 47 1
939 128 1
483 70 1
200 42 2
1067 132 2
965 95 2
164 136 1
306 100 2
1119 145 1
1331 130 2
410 38 2
1237 61 2
140 40 2
1111 69 2
546 64 2
838 86 2
1079 51 1
761 92 1
661 129 2
525 141 1
893 144 2
653 49 1
969 55 1
245 78 1
1074 148 2
721 90 2
1141 128 2
515 27 1
613 140 1
1012 48 2
480 147 2
838 45 1
367 132 1
900 123 1
613 29 2
1292 99 2
96 56 1
1330 122 1
1281 32 2
793 27 2
1209 49 1
89 59 2
881 110 2
1319 74 2
701 80 1
40 61 2
1337 62 1
1289 114 1
449 149 2
1168 121 2
1099 31 2
1019 101 1
13 138 1
936 118 1
1094 52 2
1386 147 1
871 60 1
701 105 2
195 65 2
708 63 2
760 139 1
1316 34 1
787 56 1
1341 42 2
1306 29 1
635 132 1
855 58 2
147 147 2
1338 138 2
899 138 1
252 34 2
672 126 2
658 105 2
518 38 1
1329 143 2
315 53 2
344 92 1
1168 68 1
645 138 2
1141 35 1
1363 55 2
53 125 1
988 86 2
901 119 1
682 32 1
444 100 1
506 119 1
983 123 1
1132 47 2
733 64 1
766 85 1
1176 119 1
1394 29 1
923 138 1
1061 86 1
233 66 2
1255 78 2
665 148 2
612 44 2
1269 106 2
129 75 2
1023 102 2
883 131 2
341 42 2
425 26 2
115 118 2
898 142 2
304 106 2
529 74 2
903 81 1
1181 130 1
841 129 1
323 92 2
228 47 2
1257 146 1
1008 75 1
222 128 2
1122 137 1
199 48 2
171 51 2
1355 50 2
245 80 2
484 149 2
455 132 2
814 119 1
1378 127 1
621 40 2
758 46 2
1152 89 1
1312 84 1
1399 103 1
650 110 2
1301 91 2
1339 79 1
1175 64 1
592 75 1
627 114 2
206 67 1
793 109 1
42 118 1
181 28 2
887 110 1
1130 58 1
284 52 1
1012 121 2
185 116 2
924 136 1
1216 117 2
1392 94 1
1040 138 2
350 137 1
196 27 2
540 25 1
586 86 1
473 108 2
318 47 1
765 111 2
10 112 1
653 133 2
416 141 2
581 127 1
350 149 1
764 112 1
1105 138 2
898 54 2
398 48 1
1105 122 2
1123 121 1
877 109 1
858 48 2
695 124 2
493 127 2
695 131 2
462 97 2
923 135 1
348 128 2
846 45 1
945 33 2
946 93 1
363 107 2
13 72 2
164 124 2
1251 93 2
215 116 2
682 66 1
1176 132 1
1304 119 1
13 78 1
730 110 1
1149 79 2
1342 115 2
1072 128 2
977 60 2
698 73 1
236 49 2
510 146 1
7 143 2
1048 30 1
617 43 1
1091 50 2
107 41 1
1311 82 1
817 107 1
1010 96 1
501 50 1
1189 86 1
743 42 1
856 120 2
422 107 2
409 73 1
691 37 2
902 87 2
611 97 2
290 114 1
578 125 2
988 27 2
1391 147 1
952 81 1
583 114 2
1116 31 1
50 102 2
327 117 2
1046 134 2
152 50 1
552 31 1
745 137 2
1374 89 1
401 88 2
3 134 2
1360 40 1
899 132 2
37 94 2
261 95 1
1345 39 2
457 110 2
171 95 2
992 148 2
933 121 1
18 94 2
858 104 1
797 93 2
466 53 2
483 104 2
211 146 1
544 146 1
645 98 2
665 93 1
394 90 1
1072 59 1
108 43 1
846 73 1
178 41 2
88 48 1
136 140 2
612 134 2
1030 33 1
932 82 2
481 34 1
84 76 1
1194 133 2
1217 53 1
1075 134 1
1176 50 1
759 83 1
512 75 2
123 57 1
852 58 2
826 119 1
72 88 1
538 90 2
228 39 1
756 106 1
285 119 1
1294 76 2
1052 107 1
1327 40 2
361 131 1
768 71 1
1362 124 2
1027 68 1
1115 106 2
176 32 1
1009 96 2
420 144 2
26 83 1
