998 100
21 260
98 1116
11 1716
31 443
87 1514
15 1825
56 542
18 874
87 2590
63 1818
62 1638
11 411
82 2539
37 629
96 1588
55 2357
87 1062
16 1195
13 1111
22 1640
41 257
85 1538
34 1372
65 1673
33 2909
15 1668
57 572
59 2797
81 2260
38 1569
43 812
76 275
55 635
27 1104
33 2081
97 2864
77 2184
37 1723
90 1807
83 2010
93 936
71 656
39 1421
48 2417
95 2588
55 1706
29 572
97 900
12 1335
69 196
88 1537
64 2680
86 441
96 1765
73 825
54 2854
80 856
19 1963
32 1958
75 1647
91 2586
43 2250
19 1353
19 584
70 922
86 1346
18 2385
61 256
55 1412
85 687
65 1557
47 2294
48 2630
100 1529
85 1204
83 661
76 287
47 2097
53 1066
97 2985
56 182
62 594
43 203
92 1513
87 2935
72 2886
10 358
63 1962
71 874
44 2373
13 2813
53 823
79 2150
95 2956
49 1473
14 1673
32 2581
16 2132
16 2619
20 2862
27 1364
94 2997
79 3000
79 1071
79 1892
68 2347
15 561
10 2003
88 1442
43 619
36 2990
91 2241
10 1795
54 2322
51 226
26 2183
59 2477
50 2388
63 2086
63 1909
18 1397
53 1037
88 2530
70 1168
39 1472
85 255
85 657
11 1943
91 1217
32 1315
82 1720
10 1510
66 2887
95 2243
45 729
31 1859
97 862
85 2844
33 2912
81 1369
97 837
43 1677
41 2343
11 963
22 2414
58 2679
59 2699
10 2565
90 2039
35 602
14 695
13 1484
20 2010
33 2869
65 1620
12 1427
37 2208
61 529
44 2163
87 2409
47 2004
38 339
47 2531
40 2232
52 1359
83 272
32 616
62 2233
58 1866
57 737
14 450
68 1046
69 2612
66 1282
48 1883
73 317
51 239
49 2949
45 1523
50 799
85 1146
14 773
66 2712
23 717
95 2853
28 2704
30 2667
10 607
12 866
90 2216
48 1212
33 1425
55 404
70 1330
24 2793
70 985
40 1292
39 1143
96 1899
92 1532
84 1144
14 685
69 2883
81 1901
74 2846
75 1999
47 306
76 1916
81 2686
90 2439
29 2786
59 469
14 2969
88 301
62 171
17 989
60 2677
36 2798
43 1352
66 597
14 1647
68 630
51 1077
54 1564
50 2821
79 610
18 939
49 664
69 511
74 2550
68 468
58 925
87 2655
90 1356
37 2210
83 2874
22 2685
97 2284
83 1880
91 2077
94 1073
29 1424
18 2241
14 653
69 1725
52 2584
93 2406
68 1156
53 2594
40 551
42 441
17 959
35 1130
100 481
22 1623
39 1958
70 2395
66 269
30 1509
87 837
76 1155
41 1632
74 168
38 2395
98 2752
85 2994
16 1648
83 1875
24 217
40 1014
31 1634
96 350
55 627
52 1725
95 2657
78 803
98 1215
97 2914
49 1203
61 1413
50 1361
17 2904
80 2521
71 1539
17 955
89 514
22 2253
41 1481
69 1055
44 2766
97 2390
15 887
99 2264
20 2484
40 2809
92 141
99 1349
79 1273
53 1104
43 2717
57 1398
46 2772
16 975
88 2942
69 1308
64 2426
38 2457
93 732
51 2206
73 2047
63 1128
11 2242
25 2987
74 995
97 446
81 2691
96 769
84 411
22 1995
98 1988
54 471
70 2368
60 1483
21 2579
96 2998
100 2923
89 1440
61 1526
92 1215
76 939
24 252
94 2784
59 839
24 740
88 1323
86 2219
100 1533
67 163
61 1429
55 1550
39 2478
17 2507
63 639
79 1104
41 275
84 1370
78 1480
75 1975
81 1352
23 175
66 2054
65 1143
21 1287
98 2976
61 1174
66 1063
32 2126
85 739
96 418
13 1203
10 1196
67 544
49 2368
77 536
13 661
66 1974
71 2259
78 852
78 333
14 531
43 1386
24 2475
80 867
87 938
51 2264
56 738
92 1829
47 2553
56 1065
88 2659
72 2777
90 607
58 1321
26 1684
80 2382
43 2526
97 2082
10 2281
88 1459
23 1636
20 558
16 255
55 460
19 2051
50 1132
74 788
79 144
77 2410
86 2663
95 881
16 1984
31 2784
55 2501
29 1189
57 341
47 681
76 1739
21 390
55 1091
48 2567
93 2782
35 1985
54 2406
50 2089
20 2280
19 1584
57 1867
73 2330
61 1068
67 1157
16 2969
75 2745
57 1332
57 826
13 468
99 1442
13 1022
75 2747
46 2886
17 2295
42 467
37 919
98 2421
58 1527
85 1250
17 2864
91 2217
34 194
60 1872
26 954
24 1357
14 2969
11 1356
93 2816
27 1146
94 1358
22 2264
36 846
34 1883
75 1391
48 864
35 2106
54 1824
96 596
68 1113
86 1158
21 2931
43 923
17 170
96 939
28 2095
74 2339
25 2022
63 1465
16 647
89 2864
61 1453
38 2867
13 761
65 1384
11 2130
13 734
22 2874
12 680
13 2347
38 2458
99 610
65 1324
74 2946
55 2609
71 1725
45 958
91 619
10 531
38 175
58 1299
51 497
83 2060
69 2700
18 1188
52 1421
15 2661
13 525
47 2598
16 1368
26 516
48 2316
31 2120
58 1516
56 571
39 2992
79 1317
66 2789
45 2797
97 393
27 927
51 459
91 977
52 1768
65 2598
66 2128
85 1818
11 2625
89 2229
17 2383
44 2114
87 2622
27 307
49 2735
24 2285
91 726
39 2907
90 2858
46 2954
15 2727
28 2361
26 398
54 1390
71 2204
15 2564
83 2853
31 1210
93 2925
21 1395
70 2560
88 154
42 2844
21 1048
86 2703
58 245
68 875
13 493
10 2991
76 1475
53 652
12 589
84 1954
20 1242
100 475
12 1023
16 481
56 1585
98 1721
54 1773
95 2630
14 2938
85 2862
14 2924
46 932
43 143
89 754
60 1209
12 1638
96 2700
59 804
46 816
37 2731
57 2712
62 2770
93 1924
25 1225
77 2856
70 2424
14 707
80 1542
69 1620
49 355
50 2306
42 2885
58 716
91 2483
24 2832
51 1540
85 2877
89 1667
37 575
96 1316
24 223
85 1211
28 768
61 1235
45 1395
68 1301
79 1601
11 1724
64 2891
90 1174
84 699
86 2564
51 204
49 1271
99 764
19 1162
30 1925
100 438
58 2202
90 1633
30 425
51 1017
23 1173
59 1700
65 2755
73 478
100 1297
97 2846
92 2679
73 145
83 470
100 1706
37 2051
28 1854
100 2659
77 2575
63 358
84 798
77 1718
10 2983
51 605
11 1833
74 1152
80 2751
56 1707
84 783
70 1707
77 1676
57 2186
29 2722
65 2609
57 202
65 2265
73 2088
97 1100
98 2501
76 639
32 1464
29 715
68 530
34 819
42 1710
33 1992
76 799
75 2421
16 2533
53 2757
27 1804
96 672
19 1374
49 625
27 2630
20 918
34 383
53 1089
94 1951
51 2616
82 970
35 757
40 1125
52 1562
25 461
92 2272
40 1840
55 1778
37 1951
84 1895
78 785
54 2766
33 1819
37 289
88 1966
69 761
25 572
29 2311
65 1780
63 2730
55 1081
45 2424
91 997
47 2632
52 2170
91 794
95 2726
43 1943
99 1117
16 1179
61 1715
56 1827
51 2675
57 1883
32 314
51 324
27 1105
55 432
29 2115
62 2934
50 772
91 1223
51 2142
50 2814
66 2215
17 2904
15 1483
71 623
40 2576
90 1616
95 1355
60 245
84 2884
21 1864
78 1385
93 895
82 410
72 2303
63 1406
18 2680
30 799
11 498
85 832
96 866
16 1956
89 1223
73 1786
55 2666
74 527
74 1892
44 2662
65 852
58 999
25 2547
42 1399
88 194
52 2391
10 2666
99 1224
63 916
20 1300
22 666
59 490
22 2815
59 201
55 2112
23 444
85 955
68 2455
88 2769
35 2985
41 796
78 1774
39 402
52 1579
88 2312
83 1439
34 2796
95 594
69 1548
56 1918
93 2847
29 2186
65 141
76 372
47 922
34 1194
85 1995
29 2829
24 1667
94 257
72 1680
74 312
21 1055
14 617
74 1761
34 1513
89 489
59 335
91 1887
100 1890
12 1452
92 166
49 220
53 1394
26 1615
85 302
22 2267
15 537
31 184
88 2922
51 1715
100 1982
74 801
94 778
74 658
93 1830
39 714
61 757
39 2724
91 1057
97 2557
73 2859
45 741
78 578
15 2568
40 2968
12 2071
92 1850
16 1800
47 2447
38 1914
21 1090
22 2685
22 2331
92 2500
44 2610
26 1403
30 514
55 2223
43 1153
80 499
93 1031
94 706
93 2909
65 1690
54 1250
70 2228
88 1897
46 1649
83 2564
75 2330
81 2449
29 518
100 713
92 477
60 443
49 2446
49 1617
45 158
29 2798
15 2184
83 1983
97 593
59 2011
98 677
64 2193
38 1125
14 2705
30 1992
92 2969
38 1094
54 2229
84 2172
87 1565
14 1168
18 1030
96 1760
86 2866
75 258
78 1962
70 2432
51 274
27 1322
72 1456
25 2273
43 535
68 2549
83 2778
88 1887
76 1843
99 943
29 1976
99 1676
23 2945
71 2158
18 1373
67 289
71 1771
76 1200
55 2410
83 2470
15 267
49 1489
83 2991
50 413
100 850
18 2483
27 432
26 2743
36 293
38 2612
88 2768
52 995
74 1735
94 644
39 825
43 514
80 2440
90 1771
51 318
95 1923
66 713
55 2235
94 1463
51 778
14 2191
21 742
61 285
11 1357
76 1272
15 2270
55 1954
76 2545
82 2292
77 2364
80 1624
48 2816
40 367
89 1113
88 652
29 1941
15 1433
50 1563
53 2219
72 234
45 1599
13 933
82 2301
94 523
39 825
83 812
58 418
47 2495
73 2648
12 179
47 1072
80 2073
23 2439
86 2258
10 904
98 393
85 2655
19 1381
90 923
87 2322
68 1041
23 911
66 473
62 2994
68 1661
29 2915
99 1363
52 1513
59 1824
48 2598
15 2143
69 2362
19 643
55 2483
40 376
18 1669
78 1403
92 1044
14 2093
31 2792
100 1012
34 2269
81 1869
96 245
72 1946
31 2839
77 1723
58 1253
55 2233
13 276
24 2067
33 764
68 2465
65 1512
85 314
92 2585
51 1257
90 2733
98 1756
74 1035
48 642
24 523
54 186
28 1619
76 2134
13 1389
91 2739
14 373